tree
version=v2
num_class=1
num_tree_per_iteration=1
label_index=0
max_feature_idx=38
objective=regression
feature_names=Column_0 Column_1 Column_2 Column_3 Column_4 Column_5 Column_6 Column_7 Column_8 Column_9 Column_10 Column_11 Column_12 Column_13 Column_14 Column_15 Column_16 Column_17 Column_18 Column_19 Column_20 Column_21 Column_22 Column_23 Column_24 Column_25 Column_26 Column_27 Column_28 Column_29 Column_30 Column_31 Column_32 Column_33 Column_34 Column_35 Column_36 Column_37 Column_38
feature_infos=[0:1] [22:88] [12.94:281.20999999999998] [5.6500000000000004:388] [24.460000000000001:215.49000000000001] [7.8799999999999999:736.99000000000001] [59.859999999999999:87.319999999999993] [36.420000000000002:53.789999999999999] [20.640000000000001:49.5] [0.73999999999999999:2.23] [0.35999999999999999:15.15] [2.7599999999999998:10.609999999999999] [0.68999999999999995:2.5299999999999998] [1.3:6.3200000000000003] [2.2999999999999998:10.5] [51.039999999999999:126.37] [141.75999999999999:673.05999999999995] [0.01:44.350000000000001] [0.01:28.969999999999999] [0.01:0.19] [0.01:5.0300000000000002] [0.01:11.82] [2.7999999999999998:12.949999999999999] [3.3199999999999998:6.4100000000000001] [83:188] [0.29699999999999999:0.56100000000000005] [64.200000000000003:113] [17.800000000000001:40.399999999999999] [278:366] [11:18.699999999999999] [92:499] [7.5:14.5] [9.0999999999999996:25.100000000000001] [0.10000000000000001:0.53000000000000003] [35.399999999999999:82.400000000000006] [9.5999999999999996:58.5] [3.6000000000000001:13.6] [0.10000000000000001:14.4] [0:1.8999999999999999]
tree_sizes=1263

Tree=0
num_leaves=16
num_cat=0
split_feature=28 33 1 24 7 3 1 10 1 16 22 2 11 22 37
split_gain=76.4952 127.857 35.2745 36.4195 30.6734 6.24051 5.50275 3.9929 3.8298 4.32626 2.39616 1.8135 1.45542 0.522123 0.367892
threshold=347.50000000000006 0.25500000000000006 47.500000000000007 151.50000000000003 45.82125197919023 18.625000000000004 59.500000000000007 1.2450000000000003 33.500000000000007 355.52575398686685 7.1050000000000013 19.975000000000005 4.870000000000001 6.1250000000000009 2.0218983291859227
decision_type=2 2 2 2 2 2 2 2 2 2 2 2 2 2 2
left_child=2 -2 7 5 -5 -4 13 11 -9 -10 14 -1 -13 -7 -11
right_child=1 -3 3 4 -6 6 -8 8 9 10 -12 12 -14 -15 -16
leaf_value=5.5613219990928968 5.596270385021163 5.7584219900742175 5.5797219980932198 5.6120738493336573 5.6916083625276173 5.5875969996899366 5.6228566152396109 5.5720328105414234 5.61164699716866 5.5735174521316182 5.5975019981265071 5.5871219981685281 5.5680469984784722 5.5990220000445845 5.5827696163058276
leaf_count=30 31 20 39 27 22 20 26 37 20 22 25 20 20 20 21
internal_value=0 1.18199 -0.129155 0.228591 0.940464 -0.103617 0.0837855 -0.411683 -0.3046 -0.191101 -0.311348 -0.602903 -0.46351 -0.14901 -0.454481
internal_count=400 51 349 154 49 105 66 195 125 88 68 70 40 40 43
shrinkage=1



feature importances:
Column_1=3
Column_22=2
Column_2=1
Column_3=1
Column_7=1
Column_10=1
Column_11=1
Column_16=1
Column_24=1
Column_28=1
Column_33=1
Column_37=1

pandas_categorical:null
